-6 -15 22 2 
-6 -15 26 2 
-6 -14 22 2 
-6 -14 26 2 
-6 -13 22 2 
-6 -13 26 2 
-6 -12 22 2 
-6 -12 25 2 
-6 -12 27 2 
-6 -11 22 2 
-6 -11 26 2 
-6 -10 20 2 
-6 -10 22 2 
-6 -10 25 2 
-6 -9 22 2 
-6 -9 24 2 
-6 -8 22 2 
-6 -8 26 2 
-6 -7 23 2 
-6 -7 27 2 
-6 -6 22 2 
-6 -6 25 2 
-6 -6 29 2 
-6 -5 23 2 
-6 -5 27 2 
-6 -4 21 2 
-6 -4 25 2 
-6 -4 28 2 
-6 -3 22 2 
-6 -3 30 2 
-6 -2 23 2 
-6 -2 31 2 
-6 -1 24 2 
-6 -1 30 2 
-6 0 23 2 
-6 0 25 2 
-6 0 28 2 
-6 0 31 2 
-6 1 24 2 
-6 1 30 2 
-6 2 24 2 
-6 2 32 2 
-6 3 25 2 
-6 3 31 2 
-6 4 23 2 
-6 4 25 2 
-6 4 28 2 
-6 5 24 2 
-6 5 28 2 
-6 6 23 2 
-6 6 26 2 
-6 6 28 2 
-6 7 24 2 
-6 7 26 2 
-6 8 22 2 
-6 8 28 2 
-6 9 23 2 
-6 9 27 2 
-5 -21 24 2 
-5 -21 28 2 
-5 -20 24 2 
-5 -20 28 2 
-5 -19 23 2 
-5 -19 29 2 
-5 -18 23 2 
-5 -18 25 2 
-5 -18 28 2 
-5 -18 30 2 
-5 -17 22 2 
-5 -17 30 2 
-5 -16 22 2 
-5 -16 26 2 
-5 -16 29 2 
-5 -15 22 2 
-5 -15 30 2 
-5 -14 20 2 
-5 -14 30 2 
-5 -13 19 2 
-5 -13 22 2 
-5 -13 26 2 
-5 -13 29 2 
-5 -13 31 2 
-5 -12 18 2 
-5 -12 32 2 
-5 -11 18 2 
-5 -11 21 2 
-5 -11 27 2 
-5 -11 30 2 
-5 -11 32 2 
-5 -10 18 2 
-5 -10 28 2 
-5 -10 31 2 
-5 -10 33 2 
-5 -9 20 2 
-5 -9 26 2 
-5 -9 30 2 
-5 -9 32 2 
-5 -8 18 2 
-5 -8 32 2 
-5 -7 21 2 
-5 -7 31 2 
-5 -6 19 2 
-5 -6 31 2 
-5 -5 19 2 
-5 -5 22 2 
-5 -5 28 2 
-5 -5 31 2 
-5 -4 19 2 
-5 -4 33 2 
-5 -3 22 2 
-5 -3 34 2 
-5 -2 23 2 
-5 -2 35 2 
-5 -1 21 2 
-5 -1 24 2 
-5 -1 32 2 
-5 -1 35 2 
-5 0 22 2 
-5 0 34 2 
-5 1 21 2 
-5 1 24 2 
-5 1 32 2 
-5 1 35 2 
-5 2 22 2 
-5 2 34 2 
-5 3 23 2 
-5 3 35 2 
-5 4 21 2 
-5 4 35 2 
-5 5 22 2 
-5 5 28 2 
-5 5 31 2 
-5 5 33 2 
-5 6 20 2 
-5 6 30 2 
-5 7 20 2 
-5 7 23 2 
-5 7 27 2 
-5 7 30 2 
-5 8 21 2 
-5 8 29 2 
-5 9 23 2 
-5 9 27 2 
-5 10 23 2 
-5 10 27 2 
-5 11 24 2 
-5 11 26 2 
-4 -23 26 2 
-4 -22 23 2 
-4 -22 29 2 
-4 -21 23 2 
-4 -21 29 2 
-4 -20 22 2 
-4 -20 30 2 
-4 -19 22 2 
-4 -19 30 2 
-4 -18 21 2 
-4 -18 31 2 
-4 -17 21 2 
-4 -17 31 2 
-4 -16 21 2 
-4 -16 31 2 
-4 -15 21 2 
-4 -15 31 2 
-4 -14 20 2 
-4 -14 32 2 
-4 -13 20 2 
-4 -13 34 2 
-4 -12 19 2 
-4 -12 33 2 
-4 -11 17 2 
-4 -11 35 2 
-4 -10 18 2 
-4 -10 34 2 
-4 -9 17 2 
-4 -9 35 2 
-4 -8 19 2 
-4 -8 33 2 
-4 -7 20 2 
-4 -7 34 2 
-4 -6 18 2 
-4 -6 34 2 
-4 -5 19 2 
-4 -5 35 2 
-4 -4 20 2 
-4 -4 36 2 
-4 -3 20 2 
-4 -3 36 2 
-4 -2 19 2 
-4 -2 22 2 
-4 -2 36 2 
-4 -1 19 2 
-4 -1 37 2 
-4 0 21 2 
-4 0 37 2 
-4 1 21 2 
-4 1 37 2 
-4 2 20 2 
-4 2 36 2 
-4 3 22 2 
-4 3 36 2 
-4 4 20 2 
-4 4 36 2 
-4 5 20 2 
-4 5 36 2 
-4 6 20 2 
-4 6 34 2 
-4 7 19 2 
-4 7 33 2 
-4 8 21 2 
-4 8 29 2 
-4 9 22 2 
-4 9 28 2 
-4 10 20 2 
-4 10 23 2 
-4 10 27 2 
-4 10 30 2 
-4 11 21 2 
-4 11 24 2 
-4 11 26 2 
-4 11 29 2 
-4 12 24 2 
-4 12 26 2 
-3 -24 25 2 
-3 -24 27 2 
-3 -23 24 2 
-3 -23 28 2 
-3 -22 22 2 
-3 -22 30 2 
-3 -21 22 2 
-3 -21 30 2 
-3 -20 21 2 
-3 -20 31 2 
-3 -19 21 2 
-3 -19 31 2 
-3 -18 20 2 
-3 -18 32 2 
-3 -17 20 2 
-3 -17 32 2 
-3 -16 19 2 
-3 -16 33 2 
-3 -15 20 2 
-3 -15 32 2 
-3 -14 18 2 
-3 -14 34 2 
-3 -13 19 2 
-3 -13 35 2 
-3 -12 17 2 
-3 -12 35 2 
-3 -11 16 2 
-3 -11 36 2 
-3 -10 17 2 
-3 -10 35 2 
-3 -9 17 2 
-3 -9 35 2 
-3 -8 16 2 
-3 -8 34 2 
-3 -7 18 2 
-3 -7 34 2 
-3 -6 17 2 
-3 -6 35 2 
-3 -5 17 2 
-3 -5 35 2 
-3 -4 17 2 
-3 -4 37 2 
-3 -3 20 2 
-3 -3 36 2 
-3 -2 19 2 
-3 -2 37 2 
-3 -1 18 2 
-3 -1 38 2 
-3 0 20 2 
-3 0 38 2 
-3 1 20 2 
-3 1 38 2 
-3 2 19 2 
-3 2 37 2 
-3 3 20 2 
-3 3 38 2 
-3 4 19 2 
-3 4 37 2 
-3 5 18 2 
-3 5 36 2 
-3 6 18 2 
-3 6 36 2 
-3 7 18 2 
-3 7 34 2 
-3 8 18 2 
-3 8 32 2 
-3 9 20 2 
-3 9 30 2 
-3 10 19 2 
-3 10 31 2 
-3 11 20 2 
-3 11 30 2 
-3 12 23 2 
-3 12 27 2 
-3 13 24 2 
-3 13 26 2 
-2 -24 24 2 
-2 -24 28 2 
-2 -23 22 2 
-2 -23 30 2 
-2 -22 22 2 
-2 -22 30 2 
-2 -21 20 2 
-2 -21 32 2 
-2 -20 21 2 
-2 -20 31 2 
-2 -19 19 2 
-2 -19 33 2 
-2 -18 20 2 
-2 -18 32 2 
-2 -17 19 2 
-2 -17 33 2 
-2 -16 19 2 
-2 -16 33 2 
-2 -15 18 2 
-2 -15 34 2 
-2 -14 19 2 
-2 -14 35 2 
-2 -13 18 2 
-2 -13 36 2 
-2 -12 17 2 
-2 -12 35 2 
-2 -11 18 2 
-2 -11 36 2 
-2 -10 16 2 
-2 -10 36 2 
-2 -9 17 2 
-2 -9 35 2 
-2 -8 17 2 
-2 -8 35 2 
-2 -7 16 2 
-2 -7 36 2 
-2 -6 17 2 
-2 -6 35 2 
-2 -5 19 2 
-2 -5 37 2 
-2 -4 17 2 
-2 -4 37 2 
-2 -3 18 2 
-2 -3 38 2 
-2 -2 19 2 
-2 -2 37 2 
-2 -1 19 2 
-2 -1 37 2 
-2 0 18 2 
-2 0 38 2 
-2 1 20 2 
-2 1 38 2 
-2 2 20 2 
-2 2 38 2 
-2 3 20 2 
-2 3 38 2 
-2 4 18 2 
-2 4 38 2 
-2 5 19 2 
-2 5 37 2 
-2 6 19 2 
-2 6 37 2 
-2 7 19 2 
-2 7 35 2 
-2 8 19 2 
-2 8 35 2 
-2 9 20 2 
-2 9 30 2 
-2 10 21 2 
-2 10 29 2 
-2 11 19 2 
-2 11 31 2 
-2 12 22 2 
-2 12 28 2 
-2 13 23 2 
-2 13 27 2 
-1 -25 25 2 
-1 -25 27 2 
-1 -24 22 2 
-1 -24 30 2 
-1 -23 22 2 
-1 -23 30 2 
-1 -22 20 2 
-1 -22 32 2 
-1 -21 21 2 
-1 -21 31 2 
-1 -20 19 2 
-1 -20 33 2 
-1 -19 20 2 
-1 -19 32 2 
-1 -18 18 2 
-1 -18 34 2 
-1 -17 19 2 
-1 -17 33 2 
-1 -16 18 2 
-1 -16 34 2 
-1 -15 18 2 
-1 -15 34 2 
-1 -14 17 2 
-1 -14 35 2 
-1 -13 16 2 
-1 -13 34 2 
-1 -12 16 2 
-1 -12 36 2 
-1 -11 17 2 
-1 -11 37 2 
-1 -10 16 2 
-1 -10 36 2 
-1 -9 16 2 
-1 -9 36 2 
-1 -8 15 2 
-1 -8 35 2 
-1 -7 16 2 
-1 -7 34 2 
-1 -6 17 2 
-1 -6 35 2 
-1 -5 17 2 
-1 -5 37 2 
-1 -4 16 2 
-1 -4 38 2 
-1 -3 18 2 
-1 -3 38 2 
-1 -2 18 2 
-1 -2 38 2 
-1 -1 17 2 
-1 -1 39 2 
-1 0 18 2 
-1 0 38 2 
-1 1 18 2 
-1 1 38 2 
-1 2 19 2 
-1 2 39 2 
-1 3 19 2 
-1 3 39 2 
-1 4 18 2 
-1 4 38 2 
-1 5 18 2 
-1 5 38 2 
-1 6 18 2 
-1 6 38 2 
-1 7 19 2 
-1 7 37 2 
-1 8 18 2 
-1 8 36 2 
-1 9 19 2 
-1 9 33 2 
-1 10 19 2 
-1 10 31 2 
-1 11 21 2 
-1 11 29 2 
-1 12 22 2 
-1 12 28 2 
-1 13 22 2 
-1 13 28 2 
-1 14 23 2 
-1 14 27 2 
0 -25 24 2 
0 -25 28 2 
0 -24 22 2 
0 -24 30 2 
0 -23 22 2 
0 -23 30 2 
0 -22 20 2 
0 -22 32 2 
0 -21 20 2 
0 -21 32 2 
0 -20 19 2 
0 -20 33 2 
0 -19 19 2 
0 -19 33 2 
0 -18 18 2 
0 -18 34 2 
0 -17 18 2 
0 -17 34 2 
0 -16 17 2 
0 -16 35 2 
0 -15 17 2 
0 -15 35 2 
0 -14 16 2 
0 -14 34 2 
0 -13 16 2 
0 -13 36 2 
0 -12 15 2 
0 -12 37 2 
0 -11 16 2 
0 -11 36 2 
0 -10 15 2 
0 -10 37 2 
0 -9 16 2 
0 -9 36 2 
0 -8 15 2 
0 -8 37 2 
0 -7 16 2 
0 -7 36 2 
0 -6 16 2 
0 -6 36 2 
0 -5 16 2 
0 -5 38 2 
0 -4 17 2 
0 -4 39 2 
0 -3 17 2 
0 -3 39 2 
0 -2 17 2 
0 -2 39 2 
0 -1 18 2 
0 -1 38 2 
0 0 17 2 
0 0 39 2 
0 1 18 2 
0 1 38 2 
0 2 19 2 
0 2 39 2 
0 3 18 2 
0 3 38 2 
0 4 17 2 
0 4 39 2 
0 5 18 2 
0 5 38 2 
0 6 17 2 
0 6 37 2 
0 7 17 2 
0 7 37 2 
0 8 18 2 
0 8 36 2 
0 9 18 2 
0 9 34 2 
0 10 19 2 
0 10 31 2 
0 11 19 2 
0 11 31 2 
0 12 20 2 
0 12 30 2 
0 13 21 2 
0 13 29 2 
0 14 23 2 
0 14 27 2 
1 -25 23 2 
1 -25 29 2 
1 -24 22 2 
1 -24 30 2 
1 -23 20 2 
1 -23 32 2 
1 -22 21 2 
1 -22 31 2 
1 -21 19 2 
1 -21 33 2 
1 -20 20 2 
1 -20 32 2 
1 -19 18 2 
1 -19 34 2 
1 -18 19 2 
1 -18 33 2 
1 -17 18 2 
1 -17 34 2 
1 -16 18 2 
1 -16 34 2 
1 -15 18 2 
1 -15 36 2 
1 -14 17 2 
1 -14 35 2 
1 -13 16 2 
1 -13 36 2 
1 -12 15 2 
1 -12 37 2 
1 -11 16 2 
1 -11 36 2 
1 -10 15 2 
1 -10 37 2 
1 -9 15 2 
1 -9 37 2 
1 -8 16 2 
1 -8 36 2 
1 -7 16 2 
1 -7 36 2 
1 -6 18 2 
1 -6 38 2 
1 -5 16 2 
1 -5 38 2 
1 -4 17 2 
1 -4 39 2 
1 -3 18 2 
1 -3 38 2 
1 -2 19 2 
1 -2 39 2 
1 -1 17 2 
1 -1 39 2 
1 0 17 2 
1 0 39 2 
1 1 19 2 
1 1 39 2 
1 2 19 2 
1 2 39 2 
1 3 18 2 
1 3 38 2 
1 4 17 2 
1 4 39 2 
1 5 18 2 
1 5 38 2 
1 6 18 2 
1 6 38 2 
1 7 18 2 
1 7 38 2 
1 8 18 2 
1 8 36 2 
1 9 18 2 
1 9 32 2 
1 9 35 2 
1 10 19 2 
1 10 31 2 
1 11 19 2 
1 11 31 2 
1 12 20 2 
1 12 30 2 
1 13 20 2 
1 13 23 2 
1 13 27 2 
1 13 30 2 
1 14 23 2 
1 14 27 2 
2 -25 23 2 
2 -25 25 2 
2 -25 28 2 
2 -24 21 2 
2 -24 31 2 
2 -23 21 2 
2 -23 31 2 
2 -22 20 2 
2 -22 32 2 
2 -21 20 2 
2 -21 32 2 
2 -20 19 2 
2 -20 33 2 
2 -19 19 2 
2 -19 33 2 
2 -18 18 2 
2 -18 34 2 
2 -17 18 2 
2 -17 34 2 
2 -16 17 2 
2 -16 35 2 
2 -15 17 2 
2 -15 35 2 
2 -14 17 2 
2 -14 37 2 
2 -13 16 2 
2 -13 36 2 
2 -12 15 2 
2 -12 37 2 
2 -11 16 2 
2 -11 36 2 
2 -10 16 2 
2 -10 36 2 
2 -9 15 2 
2 -9 37 2 
2 -8 15 2 
2 -8 37 2 
2 -7 16 2 
2 -7 36 2 
2 -6 17 2 
2 -6 37 2 
2 -5 16 2 
2 -5 38 2 
2 -4 17 2 
2 -4 39 2 
2 -3 17 2 
2 -3 39 2 
2 -2 17 2 
2 -2 39 2 
2 -1 17 2 
2 -1 37 2 
2 0 18 2 
2 0 38 2 
2 1 18 2 
2 1 38 2 
2 2 18 2 
2 2 38 2 
2 3 17 2 
2 3 39 2 
2 4 17 2 
2 4 39 2 
2 5 17 2 
2 5 39 2 
2 6 18 2 
2 6 38 2 
2 7 17 2 
2 7 37 2 
2 8 17 2 
2 8 37 2 
2 9 18 2 
2 9 34 2 
2 10 19 2 
2 10 31 2 
2 11 19 2 
2 11 31 2 
2 12 19 2 
2 12 31 2 
2 13 21 2 
2 13 29 2 
2 14 23 2 
2 14 26 2 
2 14 28 2 
3 -25 23 2 
3 -25 29 2 
3 -24 22 2 
3 -24 30 2 
3 -23 20 2 
3 -23 32 2 
3 -22 21 2 
3 -22 31 2 
3 -21 19 2 
3 -21 33 2 
3 -20 20 2 
3 -20 32 2 
3 -19 18 2 
3 -19 34 2 
3 -18 19 2 
3 -18 33 2 
3 -17 18 2 
3 -17 34 2 
3 -16 18 2 
3 -16 34 2 
3 -15 18 2 
3 -15 36 2 
3 -14 17 2 
3 -14 35 2 
3 -13 16 2 
3 -13 36 2 
3 -12 15 2 
3 -12 37 2 
3 -11 16 2 
3 -11 36 2 
3 -10 15 2 
3 -10 37 2 
3 -9 15 2 
3 -9 37 2 
3 -8 16 2 
3 -8 36 2 
3 -7 16 2 
3 -7 36 2 
3 -6 18 2 
3 -6 38 2 
3 -5 16 2 
3 -5 38 2 
3 -4 17 2 
3 -4 39 2 
3 -3 18 2 
3 -3 38 2 
3 -2 19 2 
3 -2 39 2 
3 -1 17 2 
3 -1 39 2 
3 0 17 2 
3 0 39 2 
3 1 19 2 
3 1 39 2 
3 2 19 2 
3 2 39 2 
3 3 18 2 
3 3 38 2 
3 4 17 2 
3 4 39 2 
3 5 18 2 
3 5 38 2 
3 6 18 2 
3 6 38 2 
3 7 18 2 
3 7 38 2 
3 8 18 2 
3 8 36 2 
3 9 18 2 
3 9 32 2 
3 9 35 2 
3 10 19 2 
3 10 31 2 
3 11 19 2 
3 11 31 2 
3 12 20 2 
3 12 30 2 
3 13 20 2 
3 13 23 2 
3 13 27 2 
3 13 30 2 
3 14 23 2 
3 14 27 2 
4 -25 24 2 
4 -25 28 2 
4 -24 22 2 
4 -24 30 2 
4 -23 22 2 
4 -23 30 2 
4 -22 20 2 
4 -22 32 2 
4 -21 20 2 
4 -21 32 2 
4 -20 19 2 
4 -20 33 2 
4 -19 19 2 
4 -19 33 2 
4 -18 18 2 
4 -18 34 2 
4 -17 18 2 
4 -17 34 2 
4 -16 17 2 
4 -16 35 2 
4 -15 17 2 
4 -15 35 2 
4 -14 16 2 
4 -14 34 2 
4 -13 16 2 
4 -13 36 2 
4 -12 15 2 
4 -12 37 2 
4 -11 16 2 
4 -11 36 2 
4 -10 15 2 
4 -10 37 2 
4 -9 16 2 
4 -9 36 2 
4 -8 15 2 
4 -8 37 2 
4 -7 16 2 
4 -7 36 2 
4 -6 16 2 
4 -6 36 2 
4 -5 16 2 
4 -5 38 2 
4 -4 17 2 
4 -4 39 2 
4 -3 17 2 
4 -3 39 2 
4 -2 17 2 
4 -2 39 2 
4 -1 18 2 
4 -1 38 2 
4 0 17 2 
4 0 39 2 
4 1 18 2 
4 1 38 2 
4 2 19 2 
4 2 39 2 
4 3 18 2 
4 3 38 2 
4 4 17 2 
4 4 39 2 
4 5 18 2 
4 5 38 2 
4 6 17 2 
4 6 37 2 
4 7 17 2 
4 7 37 2 
4 8 18 2 
4 8 36 2 
4 9 18 2 
4 9 34 2 
4 10 19 2 
4 10 31 2 
4 11 19 2 
4 11 31 2 
4 12 20 2 
4 12 30 2 
4 13 21 2 
4 13 29 2 
4 14 23 2 
4 14 27 2 
5 -25 25 2 
5 -25 27 2 
5 -24 22 2 
5 -24 30 2 
5 -23 22 2 
5 -23 30 2 
5 -22 20 2 
5 -22 32 2 
5 -21 21 2 
5 -21 31 2 
5 -20 19 2 
5 -20 33 2 
5 -19 20 2 
5 -19 32 2 
5 -18 18 2 
5 -18 34 2 
5 -17 19 2 
5 -17 33 2 
5 -16 18 2 
5 -16 34 2 
5 -15 18 2 
5 -15 34 2 
5 -14 17 2 
5 -14 35 2 
5 -13 16 2 
5 -13 34 2 
5 -12 16 2 
5 -12 36 2 
5 -11 17 2 
5 -11 37 2 
5 -10 16 2 
5 -10 36 2 
5 -9 16 2 
5 -9 36 2 
5 -8 15 2 
5 -8 35 2 
5 -7 16 2 
5 -7 34 2 
5 -6 17 2 
5 -6 35 2 
5 -5 17 2 
5 -5 37 2 
5 -4 16 2 
5 -4 38 2 
5 -3 18 2 
5 -3 38 2 
5 -2 18 2 
5 -2 38 2 
5 -1 17 2 
5 -1 39 2 
5 0 18 2 
5 0 38 2 
5 1 18 2 
5 1 38 2 
5 2 19 2 
5 2 39 2 
5 3 19 2 
5 3 39 2 
5 4 18 2 
5 4 38 2 
5 5 18 2 
5 5 38 2 
5 6 18 2 
5 6 38 2 
5 7 19 2 
5 7 37 2 
5 8 18 2 
5 8 36 2 
5 9 19 2 
5 9 33 2 
5 10 19 2 
5 10 31 2 
5 11 21 2 
5 11 29 2 
5 12 22 2 
5 12 28 2 
5 13 22 2 
5 13 28 2 
5 14 23 2 
5 14 27 2 
6 -24 24 2 
6 -24 28 2 
6 -23 22 2 
6 -23 30 2 
6 -22 22 2 
6 -22 30 2 
6 -21 20 2 
6 -21 32 2 
6 -20 21 2 
6 -20 31 2 
6 -19 19 2 
6 -19 33 2 
6 -18 20 2 
6 -18 32 2 
6 -17 19 2 
6 -17 33 2 
6 -16 19 2 
6 -16 33 2 
6 -15 18 2 
6 -15 34 2 
6 -14 19 2 
6 -14 35 2 
6 -13 18 2 
6 -13 36 2 
6 -12 17 2 
6 -12 35 2 
6 -11 18 2 
6 -11 36 2 
6 -10 16 2 
6 -10 36 2 
6 -9 17 2 
6 -9 35 2 
6 -8 17 2 
6 -8 35 2 
6 -7 16 2 
6 -7 36 2 
6 -6 17 2 
6 -6 35 2 
6 -5 19 2 
6 -5 37 2 
6 -4 17 2 
6 -4 37 2 
6 -3 18 2 
6 -3 38 2 
6 -2 19 2 
6 -2 37 2 
6 -1 19 2 
6 -1 37 2 
6 0 18 2 
6 0 38 2 
6 1 20 2 
6 1 38 2 
6 2 20 2 
6 2 38 2 
6 3 20 2 
6 3 38 2 
6 4 18 2 
6 4 38 2 
6 5 19 2 
6 5 37 2 
6 6 19 2 
6 6 37 2 
6 7 19 2 
6 7 35 2 
6 8 19 2 
6 8 35 2 
6 9 20 2 
6 9 30 2 
6 10 21 2 
6 10 29 2 
6 11 19 2 
6 11 31 2 
6 12 22 2 
6 12 28 2 
6 13 23 2 
6 13 27 2 
7 -24 26 2 
7 -23 23 2 
7 -23 29 2 
7 -22 23 2 
7 -22 29 2 
7 -21 21 2 
7 -21 31 2 
7 -20 22 2 
7 -20 30 2 
7 -19 20 2 
7 -19 32 2 
7 -18 21 2 
7 -18 31 2 
7 -17 19 2 
7 -17 33 2 
7 -16 18 2 
7 -16 32 2 
7 -15 19 2 
7 -15 33 2 
7 -14 17 2 
7 -14 33 2 
7 -13 18 2 
7 -13 34 2 
7 -12 16 2 
7 -12 34 2 
7 -11 17 2 
7 -11 35 2 
7 -10 16 2 
7 -10 36 2 
7 -9 16 2 
7 -9 36 2 
7 -8 17 2 
7 -8 35 2 
7 -7 19 2 
7 -7 35 2 
7 -6 18 2 
7 -6 34 2 
7 -5 18 2 
7 -5 36 2 
7 -4 18 2 
7 -4 36 2 
7 -3 19 2 
7 -3 37 2 
7 -2 18 2 
7 -2 38 2 
7 -1 19 2 
7 -1 37 2 
7 0 19 2 
7 0 37 2 
7 1 19 2 
7 1 37 2 
7 2 20 2 
7 2 38 2 
7 3 21 2 
7 3 37 2 
7 4 18 2 
7 4 36 2 
7 5 19 2 
7 5 37 2 
7 6 19 2 
7 6 35 2 
7 7 19 2 
7 7 35 2 
7 8 19 2 
7 8 33 2 
7 9 21 2 
7 9 29 2 
7 10 20 2 
7 10 30 2 
7 11 21 2 
7 11 29 2 
7 12 21 2 
7 12 24 2 
7 12 26 2 
7 12 29 2 
7 13 23 2 
7 13 27 2 
8 -23 25 2 
8 -23 27 2 
8 -22 24 2 
8 -22 28 2 
8 -21 22 2 
8 -21 30 2 
8 -20 23 2 
8 -20 29 2 
8 -19 21 2 
8 -19 31 2 
8 -18 22 2 
8 -18 30 2 
8 -17 20 2 
8 -17 32 2 
8 -16 19 2 
8 -16 22 2 
8 -16 32 2 
8 -15 20 2 
8 -15 32 2 
8 -14 19 2 
8 -14 33 2 
8 -13 19 2 
8 -13 33 2 
8 -12 18 2 
8 -12 34 2 
8 -11 18 2 
8 -11 34 2 
8 -10 17 2 
8 -10 35 2 
8 -9 18 2 
8 -9 34 2 
8 -8 18 2 
8 -8 34 2 
8 -7 19 2 
8 -7 33 2 
8 -6 19 2 
8 -6 33 2 
8 -5 18 2 
8 -5 34 2 
8 -4 19 2 
8 -4 35 2 
8 -3 21 2 
8 -3 35 2 
8 -2 21 2 
8 -2 37 2 
8 -1 20 2 
8 -1 36 2 
8 0 20 2 
8 0 36 2 
8 1 20 2 
8 1 36 2 
8 2 21 2 
8 2 37 2 
8 3 21 2 
8 3 37 2 
8 4 21 2 
8 4 35 2 
8 5 19 2 
8 5 35 2 
8 6 19 2 
8 6 35 2 
8 7 20 2 
8 7 32 2 
8 8 20 2 
8 8 30 2 
8 9 21 2 
8 9 29 2 
8 10 22 2 
8 10 28 2 
8 11 23 2 
8 11 27 2 
8 12 25 2 
9 -21 25 2 
9 -21 27 2 
9 -20 23 2 
9 -20 29 2 
9 -19 24 2 
9 -19 28 2 
9 -18 22 2 
9 -18 24 2 
9 -18 27 2 
9 -18 29 2 
9 -17 23 2 
9 -17 29 2 
9 -16 24 2 
9 -16 28 2 
9 -16 30 2 
9 -15 21 2 
9 -15 29 2 
9 -14 19 2 
9 -14 29 2 
9 -13 21 2 
9 -13 27 2 
9 -13 30 2 
9 -13 32 2 
9 -12 19 2 
9 -12 33 2 
9 -11 20 2 
9 -11 26 2 
9 -11 29 2 
9 -11 33 2 
9 -10 19 2 
9 -10 29 2 
9 -10 32 2 
9 -9 18 2 
9 -9 21 2 
9 -9 25 2 
9 -9 29 2 
9 -9 33 2 
9 -8 19 2 
9 -8 33 2 
9 -7 19 2 
9 -7 22 2 
9 -7 32 2 
9 -6 20 2 
9 -6 32 2 
9 -5 21 2 
9 -5 29 2 
9 -5 32 2 
9 -4 20 2 
9 -4 34 2 
9 -3 21 2 
9 -3 35 2 
9 -2 22 2 
9 -2 34 2 
9 -1 23 2 
9 -1 31 2 
9 -1 34 2 
9 0 21 2 
9 0 35 2 
9 1 23 2 
9 1 31 2 
9 1 34 2 
9 2 21 2 
9 2 35 2 
9 3 21 2 
9 3 24 2 
9 3 34 2 
9 4 20 2 
9 4 34 2 
9 5 20 2 
9 5 23 2 
9 5 29 2 
9 5 32 2 
9 5 34 2 
9 6 21 2 
9 6 31 2 
9 7 22 2 
9 7 28 2 
9 8 20 2 
9 8 30 2 
9 9 22 2 
9 9 28 2 
9 10 25 2 
9 11 23 2 
9 11 27 2 
10 -15 24 2 
10 -14 21 2 
10 -14 27 2 
10 -13 23 2 
10 -13 25 2 
10 -12 21 2 
10 -12 23 2 
10 -12 26 2 
10 -11 21 2 
10 -11 25 2 
10 -10 21 2 
10 -10 24 2 
10 -10 26 2 
10 -9 21 2 
10 -9 25 2 
10 -8 21 2 
10 -8 25 2 
10 -7 22 2 
10 -7 28 2 
10 -6 21 2 
10 -6 23 2 
10 -6 26 2 
10 -6 28 2 
10 -5 22 2 
10 -5 28 2 
10 -4 22 2 
10 -4 24 2 
10 -4 27 2 
10 -4 29 2 
10 -3 23 2 
10 -3 31 2 
10 -2 24 2 
10 -2 32 2 
10 -1 25 2 
10 -1 31 2 
10 0 24 2 
10 0 27 2 
10 0 30 2 
10 0 32 2 
10 1 25 2 
10 1 31 2 
10 2 23 2 
10 2 31 2 
10 3 24 2 
10 3 30 2 
10 4 24 2 
10 4 27 2 
10 4 29 2 
10 5 23 2 
10 5 27 2 
10 6 22 2 
10 6 28 2 
10 7 24 2 
10 7 26 2 
10 8 22 2 
10 8 28 2 
10 9 23 2 
10 9 27 2 
