8.0 1.7 -15.623 24.749001 73.372002
7.0 2.0 -15.37 25.427999 74.668999
6.0 1.7 -13.903 25.174 75.098
8.0 1.5 -13.585 24.957001 76.290001
8.0 2.0 -16.375999 24.924999 75.714996
7.0 2.0 -17.009001 26.061001 76.526001
8.0 1.5 -16.267 26.83 77.199997
8.0 1.5 -18.266001 26.17 76.488998
8.0 1.7 -13.008 25.247 74.112
7.0 2.0 -11.626 24.799999 74.300003
6.0 1.7 -10.523 25.924999 74.259003
8.0 1.5 -10.04 26.305 73.181999
7.0 2.0 -11.342 23.495001 73.418999
9.0 1.6 -10.025 22.983999 73.670998
9.0 2.0 -11.556 23.759001 71.916
8.0 1.7 -10.07 26.341 75.445
7.0 2.0 -8.9460001 27.26 75.608002
6.0 1.7 -7.6849999 26.424 75.542
8.0 1.5 -7.1960001 25.934 76.541
8.0 2.0 -9.0050001 27.879999 76.991997
6.0 1.7 -9.7539997 29.171 77.056999
8.0 1.7 -10.339 29.627001 78.216003
7.0 2.0 -10.008 30.106001 76.112999
7.0 2.0 -10.929 30.783001 77.981003
7.0 1.5 -10.744 31.094999 76.711998
8.0 1.7 -7.1729999 26.266001 74.338997
7.0 2.0 -6.3309999 25.15 73.978996
6.0 1.7 -4.9460001 24.874001 74.547997
8.0 1.5 -4.6290002 23.726999 74.761002
8.0 2.0 -6.3109999 24.973 72.459
8.0 2.0 -6.256 26.24 71.667999
8.0 2.0 -5.6560001 25.985001 70.307999
8.0 2.0 -6.454 24.962999 69.542
9.0 1.75 -5.6690001 24.389 68.438004
8.0 1.7 -4.0869999 25.856001 74.739998
7.0 2.0 -2.664 25.468 74.907997
6.0 1.7 -2.098 25.822001 76.25
8.0 1.5 -1.642 26.945999 76.448997
8.0 2.0 -1.784 26.091 73.82
9.0 1.6 -0.40200001 26.118 74.168999
8.0 1.7 -2.1029999 24.862 77.163002
7.0 2.0 -1.686 25.107 78.516998
6.0 1.7 -0.322 25.767 78.695
8.0 1.5 -0.208 26.645 79.546997
8.0 2.0 -1.7640001 23.843 79.347
8.0 2.0 -3.109 23.681999 80.152
7.0 2.0 -3.451 24.884001 81.030998
8.0 1.5 -2.7550001 25.1 82.087997
8.0 1.5 -4.4000001 25.604 80.639999
8.0 1.7 0.69999999 25.427999 77.910004
7.0 2.0 1.939 26.190001 78.084999
6.0 1.7 1.6950001 27.688999 77.851997
8.0 1.5 2.0610001 28.524 78.68
7.0 2.0 3.2030001 25.591999 77.378998
9.0 2.0 4.4640002 26.179001 77.964996
8.0 2.0 3.2219999 25.844999 75.898003
9.0 2.0 5.7080002 25.334999 77.682999
8.0 1.7 0.97000003 28.01 76.796997
7.0 2.0 0.67299998 29.398001 76.449997
6.0 1.7 -0.23100001 30.141001 77.447998
8.0 1.5 0.030999999 31.285999 77.721001
9.0 2.0 0.14300001 29.49 75.045998
8.0 1.7 -1.2539999 29.524 78.018997
7.0 2.0 -2.0139999 30.155001 79.123001
6.0 1.7 -1.122 30.601 80.309998
8.0 1.5 -1.174 31.764 80.778
8.0 2.0 -3.112 29.222 79.612
6.0 1.7 -3.9619999 29.789 80.707001
8.0 1.7 -4.2059999 29.113001 81.889
7.0 2.0 -4.618 30.974001 80.810997
7.0 2.0 -4.961 29.862 82.678001
7.0 1.5 -5.2270002 30.993999 82.044998
8.0 1.7 -0.27599999 29.693001 80.761002
7.0 2.0 0.66900003 29.986 81.836998
6.0 1.7 1.776 31.014999 81.512001
8.0 1.5 2.119 31.837 82.345001
8.0 2.0 1.3380001 28.688999 82.336998
8.0 2.0 0.41499999 27.684999 82.935997
8.0 2.0 -0.64399999 28.285 83.778999
8.0 1.7 -1.625 27.238001 84.018997
6.0 1.7 -2.799 27.402 84.610001
8.0 1.7 -3.1570001 28.577 85.061996
9.0 1.75 -3.6099999 26.349001 84.775002